image: map.pgm
resolution: 0.05
origin: [-143.31637573242188, -46.98849868774414, 0.0]
negate: 0
occupied_thresh: 0.65
free_thresh: 0.196
